1009169
1011334
1013913
1032723
1033672
1036519
1036682
1047277
1050659
1052992
1060376
1071127
1072522
1072631
1073118
1076782
1080998
1082859
1084326
1088954
1090645
1099210
1102094
1102161
1103140
1103275
1114794
1116251
1131230
1136314
1140188
1143832
1144885
1146882
1147281
1148686
1158900
1173154
1173692
1174459
1181706
1186213
1188992
1207159
1211488
1212156
1214134
1230816
1233216
1239070
1240691
1241929
1246868
1256718
1260423
1280268
1280621
1289463
1296807
1319484
1322075
1326278
1326838
1333111
1344113
1345204
1345241
1353761
1355208
1358461
1358928
1361112
1361588
1362463
1366583
1368400
1378427
1405281
1415252
1423676
1427772
1429571
1429596
1437660
1439940
1459065
1473854
1475847
1482336
1485403
1486169
1486445
1496831
1499304
1500275
1505847
1508777
1527770
1528755
1530991
1531784
1534364
1536000
1537815
1537958
1545936
1547658
1554098
1562558
1563173
1577124
1580110
1601483
1605179
1606791
1628187
1636059
1638493
1639453
1662385
1663401
1668225
1668701
1677655
1684976
1690234
1690803
1696389
1696806
1700630
1702007
1708118
1712744
1720192
1728818
1729760
1735253
1740956
1757972
1761296
1765667
1773845
1775403
1780899
1790261
1799891
1802355
1805375
1806239
1807185
1811577
1817713
1821313
1835081
1843557
1850632
1881841
1882321
1900221
1902676
1909345
1911132
1916854
1918968
1919294
1920756
1923222
1930371
1931700
1935136
1937209
1937512
1943563
1952280
1952421
1952624
1954255
1955482
1960519
1964299
1965048
1966772
1968440
1977388
1983724
1983848
1992167
2003270
2005838
2009268
2014274
2020090
2025731
2031010
2032020
2038400
2045396
2049665
2054290
2055810
2057006
2058966
2073168
2074109
2074969
2079530
2080973
2089072
2092853
2107468
2110224
2112987
2127946
2146519
2149769
2153312
2153691
2155841
2160118
2185959
2203724
2207150
2207379
2208411
2225260
2235699
2237047
2238488
2238916
2247238
2255558
2264706
2265037
2272290
2281313
2292725
2296166
2298596
2302265
2305938
2311930
2315493
2321692
2322713
2330542
2331489
2336769
2339146
2341321
2346015
2347046
2349232
2350188
2355239
2365446
2366637
2367986
2369710
2379901
2380548
2382055
2390884
2391328
2394598
2401348
2401391
2403917
2410444
2410733
2418502
2424109
2432909
2435662
2438631
2472580
2473601
2475997
2478344
2483028
2483255
2498049
2502073
2504612
2505795
2506124
2510571
2512239
2519368
2523926
2525046
2533031
2545602
2564629
2573963
2597296
2602312
2603770
2608232
2615496
2615838
2617743
2621761
2625762
2628454
2634146
2635249
2640851
2644140
2652940
2661372
2661990
2666433
2666495
2667005
2668213
2672409
2674294
2674958
2684241
2685190
2694924
2708789
2714099
2715170
2715725
2715951
2728879
2732815
2732839
2739238
2740300
2746693
2746732
2749990
2750866
2775257
2784128
2784723
2789760
2795932
2806040
2810906
2820070
2826034
2830753
2835852
2843362
2844574
2845768
2848172
2859306
2861427
2871723
2882299
2892874
2894385
2894761
2896038
2898076
2899249
2902642
2907313
2922335
2922356
2927754
2934460
2946947
2953265
2960558
2962878
2966129
2966242
2971038
2974012
2983994
2988110
2994712
3003501
3005293
3017199
3030228
3033858
3042120
3044157
3045550
3054756
3056423
3060555
3061798
3064854
3065979
3071533
3074407
3076925
3084572
3088197
3088231
3088944
3090680
3101140
3125710
3130784
3132278
3150962
3151013
3166142
3171980
3173073
3173580
3201852
3203396
3211516
3212189
3215446
3237136
3241076
3246554
3246802
3248065
3249185
3264241
3278139
3283546
3294182
3310306
3311642
3313238
3314381
3325600
3328887
3336624
3339806
3342383
3343953
3344356
3348618
3367964
3370589
3383154
3387919
3394957
3403913
3408807
3412781
3425163
3433514
3437165
3440522
3446722
3447006
3450475
3451284
3467237
3467662
3470783
3474452
3476522
3480661
3483168
3484040
3485991
3492021
3494491
3501349
3508455
3512762
3512942
3514873
3517543
3527285
3530229
3534822
3536752
3547166
3547852
3554270
3555576
3569742
3573629
3576887
3583621
3592078
3607403
3617493
3625407
3630844
3632461
3638438
3641002
3642781
3643257
3644551
3647528
3648693
3655108
3655133
3660843
3665141
3672805
3674747
3687790
3691224
3700483
3701298
3703270
3708619
3711898
3715382
3718028
3719820
3729465
3737800
3749665
3750631
3751227
3768893
3770797
3771874
3777385
3781024
3798051
3805018
3807420
3809890
3810203
3816448
3816750
3817676
3818853
3819709
3823888
3824887
3828185
3829895
3832874
3833818
3835703
3838713
3841118
3847308
3853278
3856160
3863835
3867340
3867979
3868240
3869421
3870587
3872697
3874133
3876902
3877268
3878278
3881277
3889670
3894416
3900714
3901014
3901528
3917637
3920540
3925782
3929093
3940285
3940999
3943932
3946979
3950455
3952151
3960637
3969580
3970577
3984864
3995296
3997060
3999800
4004143
4007247
4008807
4011522
4032096
4033001
4034560
4038292
4040027
4046093
4048600
4049077
4054056
4058115
4070875
4072975
4073636
4073856
4087281
4093858
4113076
4113211
4116053
4127510
4127631
4131463
4136585
4141302
4141709
4144136
4144766
4145135
4148191
4152864
4160245
4167874
4168808
4170474
4177616
4179369
4180432
4192492
4196586
4199987
4212071
4228131
4228508
4229978
4230284
4233409
4239922
4240797
4242575
4246356
4256919
4260042
4273419
4275327
4278735
4287079
4291231
4293478
4299581
4300495
4301514
4303258
4306361
4307061
4309420
4313719
4318324
4326203
4333532
4334844
4337823
4341622
4341755
4348771
4375441
4376937
4377311
4381249
4389204
4410243
4412392
4415416
4426806
4441647
4442828
4443174
4449777
4481508
4484309
4502138
4506380
4506445
4510025
4527903
4538468
4542342
4545444
4553118
4581820
4583417
4584013
4587399
4589101
4602274
4607006
4609126
4618760
4623182
4633968
4634637
4636805
4639275
4651094
4656520
4658761
4672241
4677069
4688519
4688818
4691667
4699951
4700888
4707885
4717295
4723539
4738650
4740426
4744236
4752700
4757033
4770568
4772313
4789333
4791711
4792597
4793995
4796390
4800121
4804111
4807097
4809613
4813582
4822962
4829424
4836531
4837870
4841655
4848932
4849551
4850518
4856750
4866458
4872598
4873827
4877513
4888962
4901027
4902828
4913205
4927756
4928668
4935821
4936375
4940454
4956648
4960983
4961771
4971462
4973571
4978563
4999238
5005014
5006432
5011681
5036141
5038379
5039444
5043760
5046483
5056190
5063758
5067988
5069502
5074939
5077706
5081704
5083346
5085340
5086196
5090071
5091720
5102722
5112398
5112801
5120874
5128214
5140071
5143896
5147581
5156523
5157132
5157981
5158550
5159161
5168562
5169666
5179520
5194639
5198191
5200552
5207884
5211051
5212235
5218192
5222002
5226403
5235511
5238572
5255667
5255988
5268933
5270164
5271104
5275641
5277368
5277402
5278279
5288367
5289173
5290520
5291001
5294100
5303111
5307230
5307684
5317542
5338109
5341214
5354594
5356293
5357146
5362799
5366289
5368123
5371508
5374332
5375583
5378107
5378328
5384519
5389697
5398111
5405301
5410130
5411001
5412438
5413003
5417966
5420474
5427948
5429525
5442859
5444342
5445126
5457440
5472800
5479643
5479901
5480212
5489688
5505652
5506783
5507094
5509589
5509993
5512852
5518719
5518760
5518940
5519239
5528456
5528583
5529736
5531056
5531192
5537642
5546985
5549432
5550307
5590835
5591042
5599121
5610797
5611858
5613502
5618765
5624196
5626278
5638140
5640667
5647891
5648448
5653427
5659022
5666507
5673474
5675323
5686293
5700329
5700861
5700915
5705154
5718015
5720830
5723757
5726316
5730390
5733300
5741140
5742812
5744202
5748016
5751106
5760872
5778382
5778872
5780751
5780991
5781286
5789666
5789820
5790218
5794130
5800528
5801766
5813086
5820722
5845570
5848405
5849243
5852663
5856203
5856505
5856893
5859932
5863084
5863279
5865225
5871763
5876685
5890748
5895161
5897329
5898410
5914948
5926384
5932550
5937641
5942126
5948101
5951075
5961087
5962294
5969835
5972982
5976610
5976674
5978861
5982388
5987952
5993682
5996418
5998742
6000366
6011541
