1008168
1016153
1035507
1073852
1078821
1087207
1101441
1109927
1118524
1186982
1192594
1193271
1217681
1246868
1251810
1282069
1283768
1292185
1329354
1336038
1342798
1358928
1391119
1393714
1442439
1470622
1473992
1480287
1488428
1499801
1514237
1534732
1550506
1567421
1580581
1633198
1645267
1666610
1681995
1688511
1688552
1701085
1709708
1710983
1719526
1730127
1756797
1801930
1813276
1829932
1833101
1877259
1880501
1892531
1932879
1952280
1952624
1966772
1986952
1998806
2014466
2020236
2036472
2046382
2062486
2071034
2091337
2145071
2146925
2153549
2164798
2181770
2190068
2214092
2229360
2267845
2279220
2281313
2345474
2373532
2380294
2445275
2460967
2470104
2478344
2482428
2483343
2495436
2510362
2516620
2519368
2579938
2595625
2603132
2611631
2622591
2623516
2624788
2645543
2663960
2685593
2711871
2742675
2753715
2788288
2790801
2874678
2882780
2894916
2924896
2928720
2935271
2966930
3003954
3007721
3084426
3136645
3154298
3175964
3178357
3192678
3197092
3205708
3207642
3221670
3227376
3243557
3250166
3327583
3389925
3414141
3414291
3420611
3428696
3432507
3451284
3473153
3494491
3501143
3518685
3532699
3549089
3556788
3563149
3642781
3654697
3658772
3685176
3711158
3734005
3785135
3800314
3810592
3828185
3866176
3870057
3889156
3931890
3939412
3960348
3972545
3999492
4052449
4102753
4115620
4121113
4123138
4127631
4132260
4157007
4187436
4228131
4236036
4250151
4273071
4299257
4324929
4334290
4380442
4397909
4405797
4409812
4412392
4414838
4433891
4449381
4468564
4506205
4536114
4572767
4594120
4595897
4632411
4645228
4657509
4685004
4722935
4737406
4742333
4770537
4793275
4826854
4829907
4862399
4877823
4885007
4893668
4906738
4930385
4934649
4954009
4966299
4983254
4987359
5018665
5020945
5025441
5041979
5085340
5096415
5102676
5107483
5119251
5124637
5129755
5159480
5173451
5194602
5228181
5264890
5267109
5274390
5310117
5365450
5367764
5373299
5398866
5427138
5437524
5466503
5466694
5482772
1000456
1001991
1002897
1003798
1004755
1008370
1009499
1011334
1011670
1015897
1017266
1018232
1019426
1019847
1022932
1023305
1024911
1029562
1030874
1031875
1032279
1032591
1033582
1035352
1036033
1037120
1038051
1039781
1039819
1042000
1043111
1043593
1043751
1044060
1048437
1049898
1055674
1057300
1060524
1060606
1061900
1063068
1063597
1065351
1070207
1070644
1071323
1071550
1073533
1078292
1079416
1081179
1083127
1087660
1089209
1089248
1092082
1094879
1095630
1097930
1098827
1100226
1100710
1101681
1102581
1103957
1106180
1106969
1107236
1107582
1108400
1108616
1108698
1110210
1115750
1115898
1117512
1125872
1126462
1131795
1132607
1135044
1138157
1138473
1143007
1144894
1145593
1149405
1149582
1149855
1152560
1153421
1156325
1156972
1158241
1163709
1165647
1167947
1167992
1172846
1173230
1173277
1174515
1178690
1179980
1182075
1185276
1185318
1188112
1188724
1192141
1196327
1197894
1201781
1203173
1204345
1207486
1208771
1211297
1214960
1215714
1217992
1220808
1220886
1222304
1223924
1225609
1226179
1227866
1227991
1230830
1231294
1231765
1231871
1232105
1233733
1233913
1235371
1235985
1236531
1239070
1240427
1243566
1244704
1245808
1248103
1254510
1259274
1259732
1266796
1276093
1276736
1279229
1281317
1284889
1285746
1289417
1291882
1292711
1293065
1294388
1294869
1296209
1296883
1297670
1301075
1302751
1302892
1302963
1303486
1305160
1307479
1308125
1308762
1312833
1314180
1315322
1315345
1315917
1317654
1317875
1320375
1322315
1324025
1324547
1326385
1328194
1334402
1336628
1338699
1338995
1340624
1340940
1342206
1344229
1345096
1349726
1358849
1363164
1364548
1365764
1366942
1367108
1367754
1368189
1370062
1371068
1375872
1376347
1376638
1377187
1381487
1383513
1384537
1385072
1386168
1386854
1387698
1391489
1394515
1394634
1395108
1396048
1396203
1396304
1398217
1398331
1400960
1403898
1406061
1407991
1408046
1409517
1409614
1410544
1412179
1412992
1414245
1419117
1423890
1429143
1429891
5506213
5537876
5618974
5623342
5631524
5644205
5667157
5669927
5675289
5687374
5688791
5693900
5706296
5729948
5730298
5778658
5789900
5798258
5802357
5859737
5894310
5959930
5977016
5986977
1430867
1430930
1431022
1431074
1431482
1433377
1434517
1435552
1437869
1440208
1440262
1440990
1443277
1448543
1450770
1454365
1456549
1461552
1462232
1464281
1470211
1472391
1472668
1476393