4553803
1396203
1709820
2615803
5845570
1244704
4536003
3296151
5206655
1561238
3352251
3691246
2889023
5920202
5165048
2035944
5209084
2189160
3020289
5761988
4750077
4684084
1594518
2569644
1431074
5972453
1108616
1692183
5092826
5991821
4525217
3608514
2372628
2907005
4086301
5681770
2022163
2632015
1529750
2259986
3832822
5497815
5078906
4302633
2863628
4929201
5855869
3840097
5659308
5343857
1214960
1328194
5212219
5469105
5283209
5748126
1988670
2675284
2948108
4627316
1032279
3302004
1807880
2742000
1320375
1783364
3939153
4345006
5521709
3019886
3985082
4056943
4422773
2054949
2608232
3397747
3829849
5223044
2229500
4079457
1349726
2672688
3776122
5128841
3924356
4823335
3856160
2806401
5849018
1899896
4134937
4469886
3594838
3092967
5607908
1612530
4895797
4881511
3928978
5073006
4902828
4801518
4873871
3556668
5622170
1377187
4176498
5484213
5954784
4145452
3005929
4397227
2939011
3942689
2070323
1023305
4638747
1886421
1011334
3114956
3737968
4335198
3168934
3653618
1794587
3362583
5434137
3369966
2772053
1342206
2723366
3425762
3695432
1658327
1978980
3962246
2525364
5127775
4342176
1617387
1773689
3771350
4434117
1083127
1207486
3772354
4795250
5368701
1858310
4153315
5272445
2127513
4303315
1905011
3504945
2629856
3971406
5640141
1985779
5489555
2925651
3770636
5375561
5408231
3431211
3544879
1734298
3559941
3891840
5682986
4578930
1642564
3959259
5512663
3536430
5982114
3926901
3483022
3385364
5188172
5135990
4043326
3702529
5764969
2799855
3619639
5163250
2326863
5258634
2452063
2899432
4565004
1577991
4707885
2714099
3929093
2985125
2299309
3387169
5636541
5291001
4235875
4098684
4704028
1675955
5171074
5640810
4638513
4905234
2643554
1315322
4217735
5744892
1281317
1043111
3434805
2416562
2303875
2065540
3647358
4414707
1799891
3067727
2980078
1904697
5518940
2110819
4245033
1710212
4165425
5891377
4558155
5928774
1640682
1920013
1875992
3859482
1986792
1636016
2392308
4592838
4824198
5540910
1248103
2980165
3533417
2833513
5368675
1997726
2495956
5679978
2695206
5863525
3887062
5537099
4109912
3081420
1060524
5925566
3427848
2354375
1070207
5990005
5395814
6015621
2284752
5166081
2413369
1089248
5603318
4062465
4139583
4825105
2457189
2065228
2350188
5318790
5692129
4282897
2288081
4069631
5723631
5166689
1860872
3208989
5823063
3962995
3103654
5654604
3861790
2031817
2758982
2930584
3181142
1571708
5382216
3307226
4809613
1680046
3978181
3481350
4081331
4441444
5368248
5624063
3917928
4206757
3604210
2980449
5099445
5615519
2230202
1603288
4977982
2752061
5510221
2449487
3482694
5920925
1629236
1336628
5380162
5538043
2780923
2474332
5180252
3788265
3672604
4763163
5409854
5395155
1964881
1414245
1724621
4747657
3275120
5411001
1793312
2019978
1483449
3911614
1410544
5412840
5476722
5752110
2701033
1783222
4038292
2354163
4964105
5160751
5382536
2611088
5547837
1616745
5581106
2708058
3612449
2588648
2981255
4276017
4883737
4485522
3195505
1823631
4955939
4155536
1165647
5754827
3241412
4123215
4315974
4856989
1758638
5715326
1549557
2080669
2919085
1431482
4562766
3892965
4055349
3129220
3920370
4939329
5338109
2014492
4057507
1429143
3660109
1412179
1322315
3651961
5081670
4592514
5315013
4776426
1620365
1921001
2346561
1702540
2216629
5681786
5542520
5112734
3912977
1324547
1844743
4611424
2630371
5470795
1922580
3117973
1434517
3878173
2238965
2432535
1813787
1699034
4238473
4241902
4964632
4755269
2606949
5717566
5453600
5861737
1836255
3361995
5970301
5187617
5934603
4993210
2009268
3943954
5417905
1042000
5210963
5746670
1433377
5346225
4407958
2971968
3289599
2028764
1131795
3360559
4034086
1440990
4412822
4614854
1403898
3140663
3163568
4911640
2977398
5426918
5728392
1125872
2176756
5388694
2006876
3836340
1172846
2672911
4537955
4809655
3198471
3704579
2521101
4537015
4443990
1366942
3346065
1226179
4142528
4601873
1714471
2581731
1396304
1883643
5445126
5505543
5548610
2636334
5141630
2403175
4406350
4326921
2941389
3468192
4207951
3996967
2414819
4820524
1163709
1674552
3057976
3608923
1039781
2629699
2653572
5334513
1326385
1259732
4849384
4524887
4724806
1745654
2350957
3833307
1852750
2135058
4727105
5558736
4435991
1822977
5539437
5457056
5252656
3157930
1508073
2571284
3746566
1394515
2784871
4267703
1668701
2510137
4907785
2468495
3091333
3074266
1101681
1749840
3642437
5083708
4966672
1936018
4225592
3656359
1645437
4833428
4500571
5952630
5335031
5050232
5419797
1019426
1862023
3883463
2238722
1340940
4832427
1982474
1901662
5720664
5269387
3298732
1398217
4278384
5715313
3943932
2433486
2836703
4651174
2538321
1841139
2046359
1826102
4902835
2859965
5604480
3842517
3498027
5167621
5564350
5060388
3243087
1107582
4800011
5592059
1533503
5505735
2602118
4900849
2321942
3425163
5404014
4334009
2101207
4253836
1871919
1019847
5444342
5004583
5044990
1730479
4742022
1609911
4499678
3814230
5219795
1909785
3474554
2242932
5484129
1000456
1078292
3265138
1408046
1743356
2120631
4835353
2424002
3874157
3366621
3394437
2703961
4126813
1628073
3700483
4096065
2346460
2320546
2020748
2034101
4336306
2885836
4014543
1153421
4074532
4135289
3263036
4290029
5266315
2501281
3640142
5317784
2744166
2977323
2232244
4523608
1766255
2060452
1496358
5228284
2768274
1912479
4448523
4536635
5873690
3699416
2955195
3739927
4285883
4935796
5650261
3602045
5198015
1770825
1975348
3569755
5894400
5288666
5858744
1167992
4372078
4533146
6007540
5195802
1239070
5669026
5442773
2354997
3944586
1549200
5203328
5286919
5562080
3771874
3324745
1867001
3449538
4555653
1385072
2752527
2949608
5738966
5989410
5987718
1061900
1208771
1646579
5822526
4847353
1533637
1071550
4912966
5724007
3115692
5275677
5536434
2605299
3727055
2779120
5990657
3950455
4261890
4355637
5707502
4789423
5814192
4649174
5513647
3507951
3049096
5979062
1685688
4683412
5898410
5714877
2784525
1664832
5696153
5566349
5226397
1495885
5027324
4236588
4586287
2638552
2594182
4495454
5310375
1024911
1749614
4120424
2919110
3068902
5892039
3047580
2601974
1223924
3813681
5178215
5875411
3568417
1592943
4321896
2089514
5169428
3919271
1108400
4896055
3507748
1015897
5151284
5541247
4239759
5199680
2430219
1371068
2183480
2806507
3334429
3594852
2739828
1716339
1370062
5757656
3941511
4577381
2488796
5869862
4426241
5211249
3746267
3075885
4115919
3837558
1766916
4209939
2879288
4136810
5573570
3483416
1597393
2758570
5384850
1732637
1667332
4094911
4466488
4366221
5607778
1215714
4460762
1571981
5100952
5074512
1188724
2689315
1878887
5221658
4594219
5040074
5840317
3088643
4666553
2443458
3179363
1571894
5900379
2922094
1924016
3848233
1610714
4672981
2252084
2272451
5283042
3733531
2828415
1285746
4994972
4905306
2628975
3845997
3329319
1167947
4603576
3331877
3783667
2231731
5334068
5995502
3515161
3821478
2124485
4602089
2048939
3110845
4365152
4654951
2166472
1958636
2618855
4166424
4811521
4014520
5538823
5760025
5509266
5101452
2093186
1106969
2129178
4560707
4846367
5632701
5608346
2855446
1430930
4803147
3008844
1149582
2142580
4117598
1975771
3388667
3974111
2174133
5313005
2635387
5844512
5423183
2242103
1548460
2082374
3511566
2877059
3013974
2983635
2215332
3029075
3698956
5858462
3739787
2379740
1590002
4035233
5778115
2789579
5784210
5041577
1534339
5432691
1462232
5528583
2339866
2791579
4624597
2748755
2079466
2463265
4422094
5298747
1363164
5732994
4952559
1939854
2857860
5377395
4813371
3978606
2720272
5885282
5785518
3088231
5880291
1060606
4100076
1740987
1500995
2485122
5557509
1668225
3435865
2707158
2728650
4658959
4534889
4698827
2712846
2245092
5608180
3976591
5325873
4927141
1815840
4160951
5436645
1367754
4612965
1472391
2190696
5266516
5624304
2270309
1596875
4389900
1959597
5593905
2279381
2558264
4018601
5292187
4107930
5728603
5615202
5196538
5963826
5312943
1145593
5824342
2775500
3028649
3248461
1959750
3739594
2395856
4599175
2691258
2927299
4043563
4851568
4189604
1303486
3128157
2420658
5969835
4528362
2601243
4986972
4636239
3745619
3536809
3105967
4562360
4803923
4004626
2126783
3140166
2669241
4140321
5271104
4530730
1071323
2153533
2979439
5379893
1227866
2720482
1646744
5376850
2588234
5598723
2321259
5475506
5561900
3894876
4852901
2435397
1644754
2771290
5029270
3976864
2979320
1033582
2334697
5659112
2797557
5268933
3617843
3468783
4232893
4400665
4023842
3366490
1448543
3736223
3714523
5037999
1108698
4382918
4890307
1970087
1700630
4430742
1143007
3347479
3761436
1781173
1917630
1276736
4642940
5276602
3122076
3726066
4981195
1914689
2287422
2992460
1544319
4995324
3271458
5457184
5736035
1227991
5025746
2410714
5787381
4348702
2533243
1700706
3581240
5181291
3267654
1817674
4707692
5193874
2867775
3752447
1178690
1364548
4324260
4689520
4151150
1158241
2549498
3260933
4362004
1924205
5205774
1838137
3358221
3472578
3682936
3082460
3491687
5614684
4615725
2188968
3608557
5762552
3050325
4607877
5240249
2572940
4867645
1003798
4286368
4811625
5531056
5865543
3303539
2914941
1063597
2028391
4448133
3673675
2136473
5520752
3853916
3983063
1381487
5899613
4110351
5090071
2883467
1893898
2870569
1001991
1073533
4509745
2573677
3470242
2821877
2809433
4110852
5380003
2152714
3731179
2260450
3088363
5053644
2918188
2220220
4428712
5188657
6016935
3356866
5492588
4521253
1138157
2179125
1472668
2963005
5815669
1098827
2200196
5682622
4633813
3721683
5201472
4571990
2418106
5018478
5693733
4497034
5743150
5602413
3810246
2992574
4050782
2575553
3825858
4364599
2218641
2335842
3793075
4388609
1029562
5488076
4574302
5574442
4739632
1144894
5220906
3574825
4818830
2405395
1079416
3532755
3868442
2911065
5976700
2060243
1179980
1386168
3180220
2682796
1707144
1551060
3055904
5131769
4259838
1289417
5191937
2010544
2781947
2015713
2945923
3466280
4127561
4255554
5543215
6017127
1587229
1233733
4774727
4064748
3813863
4198287
2150162
5481436
1030874
3170223
1395108
4237288
1882973
5656187
2651422
3913039
4740917
5755218
1317875
3788428
4236219
2650342
1870092
2185343
4003510
2064803
5587466
2051307
4130271
2200797
3034823
1905089
3568975
2166708
3319874
4156124
4638454
3410919
1407991
2276724
2682511
5727546
1230830
1730550
5659106
1358849
5615478
2254041
1173277
5061468
5143268
3885521
4666655
5852184
5926013
2013348
4730430
2462471
5621544
3194431
1563440
5993604
5323891
3878394
4087923
5965096
3100353
1081179
5687528
2166265
4419877