1008168
1016153
1035507
1073852
1078821
1087207
1101441
1109927
1118524
1186982
1192594
1193271
1217681
1246868
1251810
1282069
1283768
1292185
1329354
1336038
1342798
1358928
1391119
1393714
1442439
1470622
1473992
1480287
1488428
1499801
1514237
1534732
1550506
1567421
1580581
1633198
1645267
1666610
1681995
1688511
1688552
1701085
1709708
1710983
1719526
1730127
1756797
1801930
1813276
1829932
1833101
1877259
1880501
1892531
1932879
1952280
1952624
1966772
1986952
1998806
2014466
2020236
2036472
2046382
2062486
2071034
2091337
2145071
2146925
2153549
2164798
2181770
2190068
2214092
2229360
2267845
2279220
2281313
2345474
2373532
2380294
2445275
2460967
2470104
2478344
2482428
2483343
2495436
2510362
2516620
2519368
2579938
2595625
2603132
2611631
2622591
2623516
2624788
2645543
2663960
2685593
2711871
2742675
2753715
2788288
2790801
2874678
2882780
2894916
2924896
2928720
2935271
2966930
3003954
3007721
3084426
3136645
3154298
3175964
3178357
3192678
3197092
3205708
3207642
3221670
3227376
3243557
3250166
3327583
3389925
3414141
3414291
3420611
3428696
3432507
3451284
3473153
3494491
3501143
3518685
3532699
3549089
3556788
3563149
3642781
3654697
3658772
3685176
3711158
3734005
3785135
3800314
3810592
3828185
3866176
3870057
3889156
3931890
3939412
3960348
3972545
3999492
4052449
4102753
4115620
4121113
4123138
4127631
4132260
4157007
4187436
4228131
4236036
4250151
4273071
4299257
4324929
4334290
4380442
4397909
4405797
4409812
4412392
4414838
4433891
4449381
4468564
4506205
4536114
4572767
4594120
4595897
4632411
4645228
4657509
4685004
4722935
4737406
4742333
4770537
4793275
4826854
4829907
4862399
4877823
4885007
4893668
4906738
4930385
4934649
4954009
4966299
4983254
4987359
5018665
5020945
5025441
5041979
5085340
5096415
5102676
5107483
5119251
5124637
5129755
5159480
5173451
5194602
5228181
5264890
5267109
5274390
5310117
5365450
5367764
5373299
5398866
5427138
5437524
5466503
5466694
5482772
5506213
5537876
5618974
5623342
5631524
5644205
5667157
5669927
5675289
5687374
5688791
5693900
5706296
5729948
5730298
5778658
5789900
5798258
5802357
5859737
5894310
5959930
5977016
5986977
1012213
1028981
1039365
1054619
1059132
1066357
1072216
1095296
1104206
1121766
1146448
1147343
1155936
1157914
1166442
1186982
1212156
1219801
1221223
1226703
1226880
1238414
1239175
1243610
1249701
1278515
1281155
1282069
1289859
1294717
1298213
1340449
1342160
1342798
1357728
1362859
1365524
1374565
1380944
1384123
1432859
1434381
1439329
1447685
1455940
1456736
1458395
1469454
1477982
1480036
1481353
1481523
1482336
1482544
1487330
1492300
1498718
1504997
1509656
1513323
1516456
1520411
1530478
1531295
1553340
1557362
1582269
1597221
1598992
1609043
1611138
1612003
1619886
1634480
1645267
1650407
1655586
1669976
1674511
1675223
1686378
1710206
1756203
1762906
1764211
1767597
1777592
1781496
1786399
1791025
1794805
1800217
1808653
1813078
1819745
1823472
1829264
1829630
1834164
1837773
1842338
1844768
1847384
1852417
1855205
1862197
1866823
1884619
1884881
1895595
1903191
1913903
1914603
1931102
1939697
1954226
1965726
1985818
1990752
1997238
1998806
2003688
2021316
2027810
2059483
2059499
2065314
2071034
2084145
2085782
2100441
2119236
2140350
2146336
2170322
2173169
2182610
2189765
2200860
2202546
2205641
2221098
2229360
2230124
2236971
2247406
2254857
2256497
2263192
2286054
2289497
2304866
2325255
2329031
2338652
2339917
2342696
2350017
2366422
2367203
2367872
2377161
2384533
2386813
2392244
2403152
2422126
2422808
2427811
2439234
2455147
2456746
2463574
2476033
2483028
2483072
2492328
2498737
2513329
2535506
2546871
2550803
2559263
2573455
2608964
2612009
2614350
2633368
2641400
2644828
2661208
2667092
2669456
2674782
2683099
2690404
2691011
2693543
2694301
2694882
2698109
2704076
2704742
2714825
2718551
2728015
2735843
2736442
2737681
2748063
2748224
2748316
2752404
2762275
2762970
2763731
2772204
2806631
2806733
2807114
2812117
2844230
2861982
2875339
2880894
2883907
2894385
2903077
2906836
2919161
2921905
2921966
2922784
2925325
2964860
2972630
3018655
3024894
3060249
3072723
3084572
3088155
3095082
3114077
3124822
3127519
3131279
3133812
3135672
3152325
3175611
3192441
3198533
3204065
3204727
3233369
3233907
3234872
3239552
3253518
3257388
3260211
3279110
3281640
3281773
3353038
3354354
3360565
3371241
3387928
3399499
3401446
3414141
3420329
3435718
3437760
3448423
3467237
3467662
3475575
3506708
3510447
3511742
3515262
3518589
3534097
3540203
3548670
3549089
3556753
3569860
3571220
3579712
3586368
3593604
3596881
3609071
3648672
3658486
3663047
3663936
3669483
3675047
3677494
3686008
3686070
3686501
3693774
3695161
3697254
3699752
3701096
3712738
3731515
3744099
3751190
3770531
3772134
3780293
3795879
3799957
3804731
3828950
3857927
3883425
3884457
3887400
3890526
3939412
3941590
3957066
3981058
3983518
3985567
4002508
4022005
4026572
4037263
4040684
4073443
4086653
4097856
4111416
4118202
4120591
4122719
4146309
4159377
4179621
4185985
4195861
4197233
4218231
4252014
4256935
4257584
4259281
4270356
4272297
4276025
4293478
4300845
4307143
4312138
4335209
4336312
4340492
4354381
4361772
4362332
4363746
4368922
4400909
4403181
4411354
4430893
4454477
4464962
4466549
4475723
4483315
4492282
4510420
4510778
4512197
4516938
4519776
4523548
4534226
4546310
4558987
4565376
4583417
4593997
4602274
4609612
4610581
4613428
4617503
4623793
4642209
4662844
4663731
4664568
4682773
4684212
4687687
4701155
4704019
4715667
4717295
4742905
4763303
4763770
4770433
4780912
4781341
4788637
4798296
4805454
4809553
4817600
4829101
4836962
4906634
4908842
4909490
4915102
4916874
4921962
4929244
4930028
4943277
4948254
4954009
4960563
4966628
4986317
4989056
4990366
4993133
4996829
5007562
5013048
5024824
5042296
5057357
5065750
5085340
5086914
5096676
5107567
5110266
5115663
5117167
5146803
5189431
5190256
5191709
5209187
5212891
5219978
5220210
5230439
5239568
5248217
5256035
5265112
5299420
5303111
5311659
5322410
5322960
5333026
5341214
5341938
5348761
5356459
5366713
5368719
5374332
5382071
5384383
5388814
5408771
5410646
5415749
5431378
5435881
5441809
5464882
5470762
5477161
5485143
5487191
5488529
5494108
5512184
5524094
5531965
5567146
5572148
5620472
5623342
5629739
5631524
5651683
5653758
5665354
5667157
5673181
5682742
5690830
5693843
5715961
5719617
5721517
5721958
5731768
5745432
5752174
5752602
5762247
5765630
5772756
5792622
5804800
5815681
5846074
5858624
5865123
5865225
5870789
5870992
5876685
5883210
5887007
5889164
5892216
5927403
5930407
5931015
5935297
5937641
5945991
5946816
5952057
5953638
5955206
5958558
5979033
5986586
5997692
6002621
1012019
1015114
1032101
1033186
1043544
1050604
1061375
1076355
1078651
1080998
1087261
1091165
1102425
1102555
1110236
1113508
1130354
1136430
1140188
1141988
1164788
1169468
1207159
1211570
1229633
1243377
1262014
1270631
1297621
1305355
1311611
1312821
1318342
1329380
1341184
1345230
1358461
1360761
1362766
1366894
1368400
1375304
1384159
1387434
1391576
1394540
1404165
1405297
1427276
1437943
1439652
1456192
1457841
1470957
1484020
1486169
1486445
1488522
1493011
1493418
1494247
1497179
1497235
1505847
1506671
1516851
1519026
1536512
1540854
1561246
1563173
1598058
1610757
1611455
1622100
1640779
1660784
1664984
1668638
1681127
1682039
1684033
1697504
1704075
1708118
1712744
1720312
1729760
1730048
1735253
1765902
1766875
1770634
1781632
1788233
1794296
1794604
1821657
1823666
1828329
1835225
1842770
1850632
1854144
1858544
1894603
1895774
1921306
1933803
1946439
1956186
1964687
1971832
1981902
1984027
1987959
1997933
1999799
2003270
2022487
2035134
2051743
2055810
2064676
2076639
2112546
2118782
2127301
2139989
2147272
2154892
2160838
2168544
2169350
2173987
2176329
2191005
2194362
2195466
2195516
2205400
2225571
2230932
2230980
2231356
2232724
2235406
2256202
2268590
2268606
2274013
2292717
2296166
2298711
2302265
2304374
2305841
2305938
2320332
2333536
2346015
2347210
2354367
2356432
2387487
2401309
2414063
2418137
2418482
2418669
2420316
2429418
2457560
2480943
2490056
2501890
2502047
2502490
2506124
2538905
2543150
2553699
2571309
2580124
2580138
2601657
2621312
2625942
2649169
2661174
2672409
2687105
2700583
2718996
2720905
2731320
2740910
2742078
2774976
2775688
2782640
2787776
2790188
2797562
2804355
2808892
2816029
2825054
2826034
2828269
2829583
2831375
2833967
2850386
2859453
2863473
2866033
2867099
2871378
2877354
2882299
2889972
2895201
2905529
2936924
2951730
2953265
2955075
2965624
2972361
2974012
2986383
3000907
3007487
3010109
3012687
3053938
3058693
3064854
3076925
3084831
3089404
3092924
3096522
3142615
3188009
3192539
3194207
3194364
3203396
3220830
3231712
3232693
3241856
3246554
3248065
3251106
3252085
3254864
3269732
3291180
3314381
3342383
3350408
3368575
3372290
3373286
3397158
3401467
3403913
3409829
3430897
3433514
3437000
3440522
3441175
3448876
3449348
3450633
3468846
3512942
3521145
3526883
3526988
3533627
3561625
3576437
3592836
3626002
3632391
3643356
3650051
3656203
3664188
3665603
3667409
3681710
3688480
3707345
3710535
3719762
3719820
3726759
3738361
3744106
3754290
3756758
3760029
3768921
3777192
3788820
3799734
3806231
3816448
3830018
3837851
3844181
3848773
3857728
3869861
3872099
3899593
3903084
3946985
3966106
3980453
3981848
3988057
3990468
4017253
4021998
4046663
4052069
4063821
4067066
4068982
4087281
4087617
4107028
4120355
4122988
4123556
4131463
4138521
4150772
4160245
4160878
4174384
4181084
4195433
4199410
4203699
4206311
4218247
4224371
4225437
4226495
4226858
4228508
4238897
4239922
4243287
4253735
4253756
4268555
4273456
4275327
4299110
4336056
4340236
4341755
4342039
4351293
4353970
4361512
4361520
4364934
4367093
4371685
4381454
4383715
4415416
4422491
4424369
4438251
4440685
4455780
4474387
4483878
4494336
4521682
4523563
4530128
4531041
4540026
4541722
4553226
4562417
4589101
4596479
4604406
4611741
4613522
4623667
4628460
4630248
4634637
4642078
4644192
4645185
4658761
4663952
4683224
4723143
4723287
4723596
4727439
4733130
4738650
4757698
4769677
4781091
4793933
4796561
4819914
4828559
4832514
4838141
4845016
4850518
4864877
4867860
4905105
4906287
4913589
4915828
4928142
4930173
4939470
4942297
4951768
4958681
4961410
4963779
4965588
4983318
4997515
5008452
5016401
5039762
5064008
5068363
5081704
5091873
5112933
5113865
5138458
5142114
5169027
5179069
5186319
5200266
5212058
5218192
5220157
5230838
5264875
5271470
5275641
5285649
5288109
5302198
5302392
5302940
5307684
5327710
5343503
5349053
5354760
5372313
5375647
5383890
5388643
5389746
5413003
5425982
5426634
5429686
5433692
5438347
5466461
5471240
5488102
5496744
5503633
5515826
5546842
5570693
5585134
5605853
5615442
5653087
5658004
5662136
5663054
5684069
5685923
5687593
5695011
5699374
5723757
5726995
5730390
5747232
5751106
5751880
5755715
5760224
5767533
5779747
5788722
5818304
5820722
5828481
5862299
5863084
5867639
5867804
5881281
5886033
5894682
5897329
5903359
5904300
5920189
5941624
5943973
5961867
5966948
5973934
5990160
6004606
6021716