1000456
1001991
1002897
1003798
1004755
1008370
1009499
1011334
1011670
1014333
1015897
1017266
1018232
1019426
1019847
1022932
1023305
1024911
1029562
1030874
1031875
1032279
1032591
1033582
1035352
1036033
1037120
1038051
1039781
1039819
1042000
1043111
1043497
1043593
1043751
1044060
1048437
1049898
1055674
1057300
1060524
1060606
1061900
1063068
1063597
1065351
1067296
1070207
1070644
1071323
1071550
1073533
1078292
1079416
1081179
1083127
1087660
1089209
1089248
1092082
1094879
1095630
1096924
1097930
1098827
1100226
1100710
1101681
1102581
1102975
1103957
1106180
1106969
1107236
1107582
1108400
1108616
1108698
1110210
1115750
1115898
1116999
1117512
1118612
1125872
1126462
1131795
1132607
1135044
1138157
1138473
1142023
1143007
1144894
1145593
1149405
1149582
1149855
1150817
1150984
1152560
1153421
1156325
1156972
1158241
1163709
1165647
1167626
1167947
1167992
1172846
1173230
1173277
1174515
1178690
1179980
1182075
1185276
1185318
1188112
1188724
1192141
1196327
1197367
1197894
1201781
1203173
1204345
1206802
1207486
1208771
1211297
1214960
1215714
1217992
1220808
1220886
1222304
1223924
1225609
1226179
1227866
1227991
1230830
1231294
1231765
1231871
1232105
1233733
1233913
1235371
1235985
1236531
1239070
1240427
1243566
1244704
1245808
1248103
1254510
1259038
1259274
1259732
1266796
1276093
1276736
1279229
1281317
1284889
1285746
1289417
1289476
1291882
1292711
1293065
1294388
1294869
1296209
1296883
1297670
1301075
1302751
1302892
1302963
1303486
1305160
1307479
1308125
1308762
1312833
1314180
1315322
1315345
1315917
1316640
1317654
1317875
1320375
1322315
1324025
1324547
1326385
1328194
1334402
1336628
1338699
1338995
1340624
1340940
1342206
1344229
1345096
1349726
1358849
1363164
1364548
1365764
1366942
1367108
1367754
1368189
1370062
1371068
1375872
1376347
1376638
1377187
1381487
1383513
1384537
1385072
1386168
1386854
1387698
1391489
1394515
1394634
1395108
1396048
1396203
1396304
1398217
1398331
1400960
1403898
1406061
1407991
1408046
1409517
1409614
1410544
1412179
1412992
1414245
1419117
1423890
1429143
1429891
1430867
1430930
1431022
1431074
1431482
1433377
1434517
1435552
1437869
1440208
1440262
1440990
1443277
1448543
1450770
1454365
1456549
1461552
1462232
1464281
1467647
1470211
1472391
1472668
1476393
1476500
1478614
1483449
1483861
1485424
1486325
1488762
1489379
1490384
1494886
1495885
1496358
1496641
1497357
1500365
1500995
1508073
1514467
1516259
1520369
1521391
1524549
1529079
1529750
1531946
1533503
1533637
1534339
1535304
1538533
1539390
1542873
1544319
1548460
1549200
1549557
1551060
1552084
1558037
1561238
1563440
1571708
1571894
1571981
1577794
1577991
1582173
1583346
1584314
1586196
1587229
1590002
1590223
1592943
1594518
1596087
1596875
1597393
1600608
1602026
1603288
1605185
1605992
1607303
1609911
1610714
1612530
1612748
1616745
1617387
1620365
1624926
1628073
1628438
1628662
1629236
1629245
1633209
1636016
1639368
1640556
1640682
1642564
1642613
1644693
1644754
1645437
1645645
1645872
1646579
1646744
1648846
1657358
1658327
1659563
1659633
1659864
1663692
1664256
1664832
1664854
1667332
1668225
1668701
1674552
1674739
1675456
1675955
1677947
1680046
1682456
1682926
1685688
1692183
1694220
1699034
1700630
1700706
1701569
1701750
1702540
1705933
1707101
1707144
1709820
1710212
1713008
1714471
1714745
1715724
1716339
1717926
1724621
1724999
1725727
1727800
1729069
1730479
1730550
1731506
1732483
1732590
1732637
1733235
1734298
1735677
1737019
1737736
1739951
1740987
1743356
1743882
1745654
1746992
1749614
1749840
1750183
1750718
1756238
1756330
1757325
1757901
1758638
1766255
1766916
1768863
1769348
1770825
1773689
1775285
1778071
1779131
1781173
1783222
1783364
1784407
1787010
1787459
1788500
1789592
1793312
1793998
1794587
1798668
1798702
1799022
1799891
1801923
1807880
1813787
1815119
1815840
1817674
1818522
1819118
1821268
1821591
1822044
1822977
1823631
1826102
1830088
1831345
1834304
1835585
1836255
1838137
1841139
1841505
1843508
1843562
1844399
1844743
1847232
1848643
1852750
1853017
1856303
1858310
1859537
1860872
1862023
1862727
1863502
1864088
1865712
1865948
1867001
1867297
1868438
1870092
1871919
1875992
1876075
1876504
1878887
1881249
1881952
1882973
1883643
1886421
1887782
1888562
1892933
1893898
1894414
1899896
1901662
1904697
1905011
1905089
1909785
1911684
1912479
1914689
1916613
1916950
1917264
1917630
1920013
1920081
1921001
1921226
1921385
1922580
1922839
1923559
1924016
1924205
1926095
1927083
1927502
1931140
1935122
1936018
1936047
1939854
1942780
1943695
1945055
1947161
1948314
1954192
1958636
1959597
1959750
1962832
1964881
1966116
1968385
1969096
1970087
1970803
1973518
1975348
1975771
1978033
1978980
1979861
1981940
1982474
1983789
1985779
1986792
1988670
1991195
1997726
2000023
2002547
2006876
2006973
2008791
2009268
2009649
2010544
2012357
2012395
2013348
2014492
2015140
2015713
2018838
2019978
2020748
2022163
2023166
2025356
2028391
2028764
2029711
2030758
2031817
2034101
2035944
2038442
2039081
2042811
2044370
2046359
2046872
2048939
2050894
2051307
2051442
2053633
2053922
2054949
2060243
2060452
2061169
2062373
2063720
2064803
2065228
2065540
2069085
2070323
2076295
2076513
2076967
2079466
2080669
2082374
2083689
2084569
2087887
2089514
2091087
2093186
2093791
2101207
2102963
2103165
2104830
2107398
2110819
2111760
2112436
2113395
2120631
2121296
2121616
2122763
2124485
2126783
2127513
2129178
2130446
2131317
2131590
2135058
2136473
2138921
2139500
2141521
2142580
2147931
2150003
2150162
2151986
2152714
2153234
2153533
2154712
2156160
2162911
2163377
2166265
2166472
2166708
2171372
2174133
2176756
2179125
2179536
2183480
2185150
2185343
2185663
2188968
2189160
2190696
2191517
2192998
2193352
2194790
2196872
2198675
2200196
2200797
2209210
2212664
2215332
2215651
2216629
2216673
2217315
2218641
2218779
2219078
2220220
2221197
2225752
2226598
2229500
2229952
2230202
2230572
2231731
2232244
2235437
2237853
2238722
2238965
2242103
2242175
2242932
2245092
2246292
2248770
2249087
2249440
2252084
2254041
2256805
2259986
2260450
2263150
2267624
2270309
2270685
2272330
2272451
2272607
2276724
2279381
2280158
2280463
2281119
2284752
2287422
2288081
2292133
2294949
2296072
2296320
2298185
2299309
2303514
2303875
2303916
2304033
2305448
2305946
2307165
2309600
2309947
2311710
2317527
2320059
2320546
2321259
2321942
2324329
2326321
2326642
2326863
2330578
2334697
2335842
2339866
2340019
2342233
2346460
2346561
2348008
2350188
2350957
2353151
2354163
2354375
2354997
2356882
2357453
2359170
2360010
2370204
2372466
2372628
2375177
2378596
2379376
2379422
2379740
2380119
2380922
2383124
2383866
2386353
2388893
2390659
2392308
2392775
2395856
2398337
2401960
2403175
2405395
2409859
2410714
2413369
2414819
2416562
2418106
2420658
2421874
2423007
2423120
2424002
2427343
2430219
2432535
2432751
2433486
2435397
2441051
2443458
2443821
2446537
2447135
2449487
2449673
2452063
2452592
2452645
2453233
2457189
2460534
2461633
2462471
2463265
2463375
2465283
2468495
2470646
2470735
2471035
2474332
2479529
2483625
2484400
2485122
2488796
2489515
2494300
2494910
2495956
2501281
2507752
2510137
2511340
2511523
2515193
2517171
2518265
2518428
2519890
2521101
2525364
2527919
2529189
2533243
2534188
2536439
2538321
2539857
2543093
2548082
2549498
2553995
2555499
2558264
2559141
2559198
2560566
2562178
2565544
2569644
2571284
2572940
2573677
2575553
2580057
2581731
2584937
2585699
2588234
2588648
2593270
2594123
2594182
2595562
2595710
2598912
2599342
2601243
2601974
2602118
2603027
2605299
2606949
2608232
2611088
2611338
2612048
2612622
2615242
2615533
2615803
2616678
2618635
2618855
2621351
2625894
2626021
2628975
2629699
2629856
2630371
2630523
2631908
2632015
2635387
2636334
2636657
2636945
2638552
2639308
2640088
2643554
2644080
2649901
2650342
2650378
2651082
2651422
2653572
2656418
2656979
2661463
2666055
2669154
2669241
2669599
2672688
2672911
2675284
2676324
2682511
2682796
2684352
2685616
2686107
2688489
2689299
2689315
2691258
2695206
2699889
2701033
2703961
2703983
2707158
2708058
2709126
2710627
2712439
2712846
2713629
2714099
2715937
2716054
2717511
2717668
2717993
2719712
2720272
2720482
2723366
2725649
2726461
2728071
2728650
2733577
2734461
2736682
2736768
2739674
2739828
2739860
2742000
2742793
2744166
2748382
2748755
2752061
2752527
2754920
2756690
2757695
2758570
2758982
2760292
2761868
2762102
2765044
2768274
2768327
2769029
2771196
2771290
2772053
2775500
2778247
2779120
2780923
2781947
2783063
2783769
2784525
2784871
2787258
2787418
2787559
2789318
2789579
2791579
2795307
2796145
2796183
2797213
2797557
2798128
2799855
2799897
2800056
2801260
2802286
2804047
2805065
2806401
2806507
2806684
2809433
2811700
2816853
2820682
2821877
2822848
2825844
2826675
2828415
2830727
2833145
2833513
2834486
2836703
2839342
2842987
2854136
2855446
2856620
2856702
2857860
2859889
2859959
2859965
2863628
2867775
2868859
2868990
2870569
2872783
2875089
2876970
2877059
2879288
2880346
2883243
2883467
2885836
2885996
2886255
2889023
2889538
2890268
2892116
2892486
2894118
2897375
2899432
2900519
2900785
2906787
2907005
2907782
2911065
2914570
2914941
2916418
2918188
2919085
2919110
2922094
2925178
2925651
2927299
2929392
2930252
2930584
2933992
2935062
2935884
2939011
2939052
2940247
2941389
2943975
2945923
2948108
2949608
2951285
2953894
2955195
2960812
2962717
2963005
2967286
2971968
2974214
2975018
2977323
2977398
2978176
2979320
2979439
2980078
2980165
2980449
2981255
2983635
2985125
2988161
2989592
2992460
2992574
2999724
3000554
3003426
3004824
3005669
3005929
3008844
3013467
3013974
3016234
3018228
3019197
3019886
3020252
3020289
3025616
3028649
3029075
3032743
3033594
3034823
3035704
3037080
3044364
3045196
3045914
3047580
3047670
3049096
3049837
3050325
3050796
3051507
3055745
3055904
3057976
3058364
3058985
3062722
3066566
3067727
3068902
3070495
3072958
3074266
3075851
3075885
3078542
3081420
3082064
3082460
3084095
3087902
3088231
3088363
3088643
3091333
3092967
3099123
3100353
3103654
3105967
3109194
3110845
3114956
3115692
3117973
3118085
3122076
3122468
3122529
3128157
3129220
3129438
3140166
3140663
3151318
3154913
3154934
3157056
3157930
3162469
3163254
3163568
3168934
3170223
3176710
3176758
3177328
3179363
3180220
3181142
3181458
3182940
3184595
3193422
3194431
3194656
3195505
3197716
3198471
3198654
3200408
3203327
3204410
3208671
3208989
3209494
3214020
3218721
3220729
3221355
3223191
3223721
3225302
3225577
3227552
3228384
3229991
3238832
3241412
3243087
3244659
3245393
3245830
3248461
3248886
3251540
3255077
3258240
3260933
3263036
3264180
3265138
3266480
3267654
3269207
3271458
3275120
3276920
3277749
3277812
3279555
3284089
3284207
3284748
3285140
3285330
3289599
3290993
3296151
3297925
3298732
3302004
3303539
3307226
3308548
3309628
3311416
3312718
3314936
3319026
3319874
3322217
3322787
3324745
3326011
3326038
3328164
3328856
3328957
3329319
3331425
3331877
3332228
3333637
3334429
3340564
3341274
3341431
3342253
3342682
3344257
3344882
3346065
3347479
3350449
3352251
3355631
3356501
3356866
3358221
3358816
3360559
3361995
3362583
3362673
3365136
3366490
3366621
3369966
3372076
3374874
3377925
3385364
3387169
3388667
3389560
3391768
3392236
3392484
3393300
3394365
3394437
3397747
3398947
3399113
3409033
3409240
3410919
3410935
3413688
3415745
3416465
3417202
3419759
3420470
3423162
3424575
3425163
3425762
3427848
3428448
3431211
3431801
3434528
3434805
3435865
3437603
3438919
3440493
3440757
3442371
3443662
3446147
3447718
3447729
3449538
3449944
3458995
3461270
3461454
3465164
3466078
3466280
3467983
3468192
3468783
3469460
3470242
3471848
3472214
3472578
3474381
3474554
3479988
3480778
3481318
3481350
3482694
3483022
3483416
3487799
3491687
3498027
3501918
3504532
3504945
3505205
3506324
3507748
3507951
3510800
3511566
3511828
3515161
3515747
3517996
3519244
3522642
3523077
3526719
3526902
3528846
3532755
3533417
3536430
3536809
3537829
3544230
3544879
3547632
3548005
3548871
3555759
3556284
3556668
3557153
3559173
3559803
3559941
3565390
3566847
3568417
3568975
3569755
3569957
3572586
3573444
3574185
3574825
3576962
3578760
3579556
3580522
3581215
3581240
3583172
3583983
3584076
3588416
3590532
3594838
3594852
3596776
3601731
3602045
3604210
3605171
3607716
3608514
3608557
3608923
3610397
3612449
3617125
3617843
3619639
3624961
3625178
3626806
3626885
3627024
3627516
3627878
3628138
3630828
3636110
3636513
3640142
3641027
3641493
3642437
3647358
3648431
3648541
3651342
3651621
3651961
3653154
3653618
3656359
3657833
3660109
3660900
3662038
3670588
3671530
3671619
3672604
3673675
3675608
3681736
3682936
3683046
3686665
3686892
3687703
3691246
3695012
3695432
3695877
3698956
3699416
3700483
3702529
3704579
3708364
3712947
3714523
3717662
3719770
3721683
3722241
3724604
3726018
3726066
3727055
3728575
3730147
3731179
3731293
3732183
3733531
3735727
3736223
3737492
3737968
3739594
3739787
3739927
3740526
3743375
3745619
3746267
3746398
3746566
3752447
3755807
3758596
3761436
3764617
3767088
3770636
3771350
3771874
3772354
3776122
3779484
3781207
3783667
3784705
3788265
3788428
3792467
3793075
3795558
3797416
3800260
3800272
3810246
3811331
3811861
3813681
3813863
3814230
3815698
3815909
3818922
3821478
3821544
3824485
3825858
3827221
3829849
3832822
3833307
3836340
3837558
3837913
3840097
3842517
3844862
3845599
3845997
3847681
3848233
3848542
3853916
3856160
3859482
3861790
3861848
3862804
3868442
3869744
3870215
3874157
3877475
3878173
3878394
3883360
3883463
3885521
3887062
3888170
3889888
3891840
3892965
3893375
3894045
3894848
3894876
3898988
3903907
3904451
3906761
3909919
3911614
3912977
3913039
3914880
3917928
3918000
3919008
3919271
3920370
3924356
3926901
3928978
3929093
3936917
3939153
3941511
3942689
3942996
3943932
3943954
3944586
3945137
3946644
3950455
3950829
3953142
3955957
3956141
3958001
3959259
3960354
3962102
3962246
3962995
3971406
3972493
3974111
3976591
3976864
3978181
3978606
3980192
3981314
3981790
3983063
3984268
3985082
3987327
3990246
3990529
3990962
3996967
3999644
4000898
4001922
4002676
4003510
4004061
4004626
4010363
4014520
4014543
4018601
4019716
4023717
4023842
4027596
4033632
4034086
4034850
4035233
4036251
4037667
4037988
4038292
4043326
4043563
4043871
4047454
4047967
4049065
4049317
4050509
4050670
4050782
4055106
4055349
4056943
4057507
4058683
4062465
4064748
4064912
4065171
4065224
4069631
4073091
4074135
4074475
4074532
4079457
4081331
4083863
4086301
4087213
4087923
4089186
4090697
4092665
4094911
4096065
4098684
4100076
4102376
4105442
4106555
4107930
4109912
4110351
4110852
4111022
4115919
4117598
4120424
4121895
4123215
4123253
4123925
4125681
4126813
4127561
4128382
4128887
4130271
4134937
4135289
4136810
4139583
4140321
4141881
4142190
4142528
4145452
4145649
4146231
4151150
4153315
4153937
4155536
4156124
4159171
4160951
4163427
4164665
4165425
4166424
4168363
4169966
4171605
4174520
4176498
4179381
4185776
4186412
4186828
4187727
4189604
4190851
4194238
4197476
4198287
4198817
4202773
4205030
4206472
4206757
4207951
4209939
4210897
4211267
4217594
4217735
4217861
4219010
4219308
4221110
4221270
4221664
4225017
4225592
4225661
4228464
4229997
4232893
4234123
4235875
4236219
4236588
4237288
4237345
4238473
4239101
4239759
4241902
4244311
4244574
4245033
4250201
4253836
4254859
4255554
4256685
4259838
4260772
4261890
4262871
4265666
4265714
4267703
4270068
4270731
4272609
4273673
4274137
4276017
4278384
4282897
4285883
4286368
4288260
4290029
4292579
4293847
4294707
4302633
4302945
4303315
4305900
4308068
4308221
4312873
4313735
4315670
4315974
4319385
4319982
4321896
4324143
4324260
4325431
4325473
4325951
4326921
4330472
4330507
4333489
4334009
4335198
4336306
4342176
4345006
4345221
4348702
4350234
4351120
4351596
4353887
4355637
4356806
4361165
4362004
4362821
4364599
4365152
4366221
4369283
4372078
4375863
4380535
4382918
4386652
4386858
4388609
4389900
4395394
4397227
4398635
4400665
4406350
4406719
4407313
4407958
4408803
4412822
4414632
4414707
4416364
4419301
4419877
4422094
4422773
4425928
4426241
4426714
4428544
4428712
4429408
4429667
4430742
4431177
4434117
4435991
4438326
4441352
4441444
4442755
4443990
4444506
4447455
4448133
4448523
4450804
4451031
4452941
4459021
4460132
4460762
4466488
4467043
4468738
4469886
4476862
4477267
4483619
4485522
4486399
4487697
4490842
4495454
4497034
4499678
4500571
4506458
4506928
4509745
4511988
4516639
4520605
4521253
4522516
4523608
4524887
4525217
4527286
4528362
4530730
4533146
4534609
4534676
4534889
4535143
4536003
4536635
4536644
4537015
4537148
4537647
4537955
4538009
4542554
4544987
4547386
4553803
4553916
4555653
4558155
4560707
4562360
4562766
4564156
4564827
4564983
4565004
4571990
4572219
4574302
4577381
4578343
4578930
4579039
4580643
4583924
4585028
4586287
4589279
4592514
4592838
4594219
4595906
4598291
4598414
4599175
4600338
4601873
4602089
4603576
4604573
4606129
4607877
4608201
4608370
4610792
4611424
4611853
4612965
4613277
4614854
4615725
4618366
4620596
4622948
4624597
4624750
4627211
4627316
4629680
4633813
4635647
4636239
4636751
4637809
4638454
4638513
4638747
4642940
4643659
4643743
4649174
4651174
4654951
4658959
4659282
4661389
4663208
4663898
4666553
4666655
4671290
4671887
4672981
4673736
4675214
4675526
4683412
4684084
4684974
4689520
4696432
4698827
4700050
4704028
4706693
4706800
4707692
4707885
4716521
4720171
4724806
4727105
4730430
4733793
4735156
4738843
4739632
4740917
4741454
4742022
4747657
4747922
4749053
4750077
4755269
4756482
4759128
4759576
4759961
4760199
4763163
4764416
4772554
4774727
4776146
4776426
4782942
4783904
4784138
4786047
4786532
4788538
4788575
4789423
4790255
4793359
4794490
4795205
4795250
4800011
4801518
4803147
4803923
4809613
4809655
4811514
4811521
4811625
4813371
4813405
4814483
4818830
4819479
4820524
4820944
4823020
4823335
4824198
4824836
4825105
4829983
4832147
4832427
4833428
4835353
4838675
4839497
4839623
4846367
4847353
4848049
4849097
4849384
4851034
4851198
4851373
4851506
4851568
4852901
4856989
4858381
4864356
4864513
4866503
4867645
4871737
4871963
4872780
4873342
4873871
4875807
4878502
4879461
4879808
4881511
4883737
4890307
4895797
4896055
4900849
4902316
4902828
4902835
4905234
4905306
4907785
4907917
4908878
4909285
4910111
4911640
4912966
4913041
4913284
4915188
4916940
4920881
4924070
4925865
4926355
4926489
4927141
4929201
4930320
4933398
4935740
4935796
4939329
4941251
4948940
4949103
4952559
4955939
4960489
4962276
4962624
4964001
4964105
4964415
4964570
4964632
4966672
4969865
4971305
4977982
4981195
4982560
4984199
4986972
4987658
4990971
4993210
4994972
4995324
4996976
4997272
5000683
5002059
5003112
5003362
5004583
5006830
5010001
5017656
5018478
5025746
5027324
5029270
5029688
5031360
5033059
5034302
5037999
5038783
5040074
5040228
5040477
5041577
5041878
5043822
5043953
5044990
5045411
5045686
5048574
5050232
5051758
5053644
5060388
5060709
5061468
5070870
5071096
5073006
5074512
5078906
5081670
5081864
5083708
5090071
5092826
5094443
5096562
5098642
5099445
5100952
5101452
5104143
5104293
5106547
5107155
5107197
5112330
5112734
5122073
5124870
5127775
5128841
5128903
5130052
5130800
5131607
5131769
5132749
5135990
5139775
5141630
5142396
5143268
5151284
5151511
5152940
5157900
5160751
5161640
5163250
5165048
5166081
5166689
5167621
5167730
5169428
5171074
5178215
5180252
5181291
5187617
5188172
5188657
5190179
5191170
5191937
5193874
5195802
5196538
5198015
5199680
5201472
5203257
5203328
5205774
5206655
5207361
5208943
5209084
5209686
5210963
5211249
5212007
5212219
5212477
5212832
5214466
5216414
5217397
5218118
5218965
5219795
5220725
5220906
5221468
5221658
5222216
5222837
5223044
5224528
5225301
5226397
5228284
5234279
5235764
5236583
5238049
5239512
5239594
5240249
5242680
5243367
5244863
5245484
5247292
5247651
5248026
5250163
5252619
5252656
5258634
5266315
5266516
5267851
5268933
5269387
5271104
5272445
5274163
5275677
5276602
5278621
5281635
5282057
5283042
5283209
5286919
5287211
5288666
5290512
5290939
5291001
5291736
5291959
5292187
5294155
5298747
5304028
5306170
5307894
5309214
5309425
5309500
5310375
5312943
5313005
5314908
5315013
5317784
5318790
5319142
5323891
5323905
5325873
5334068
5334257
5334513
5335031
5338109
5340307
5340873
5343857
5345949
5346225
5346291
5346728
5349692
5358108
5358813
5358878
5365693
5368248
5368675
5368701
5369442
5370964
5371440
5375223
5375561
5376850
5377395
5377634
5378079
5379893
5380003
5380162
5381828
5382216
5382536
5383343
5384630
5384850
5385859
5388694
5388727
5395155
5395814
5396163
5398519
5400170
5403923
5404014
5408231
5408503
5409854
5411001
5412840
5413210
5415435
5416604
5417905
5419797
5421879
5423183
5426918
5431119
5431475
5432691
5433154
5434045
5434137
5436645
5442773
5444206
5444342
5444723
5445126
5449807
5453600
5457056
5457184
5459283
5459800
5465633
5469105
5470795
5473961
5474063
5474914
5475506
5476722
5478634
5479229
5481436
5482689
5484129
5484213
5488076
5489555
5491688
5492588
5494245
5494628
5497815
5505543
5505735
5508681
5509266
5510221
5510946
5512663
5513460
5513647
5515484
5518940
5520752
5521709
5521897
5528583
5530883
5531056
5531982
5532517
5535180
5536434
5537099
5538043
5538823
5539437
5539844
5540910
5541247
5541668
5541960
5542520
5543021
5543215
5544427
5547507
5547837
5548153
5548610
5554157
5557509
5558736
5561900
5562080
5564350
5565439
5566349
5570162
5573570
5574442
5581106
5583610
5587466
5589034
5590494
5592059
5593905
5595455
5598723
5600465
5602413
5603318
5603756
5604037
5604480
5604615
5605285
5607778
5607908
5608180
5608346
5608583
5609379
5613441
5614605
5614684
5615202
5615478
5615519
5616534
5618614
5619598
5621544
5622170
5624063
5624304
5625449
5625462
5629181
5630119
5632638
5632701
5632728
5636114
5636541
5640141
5640810
5643364
5643951
5644727
5648784
5650261
5652180
5654604
5655859
5656187
5657611
5658317
5659045
5659106
5659112
5659308
5659775
5660889
5668033
5668743
5669026
5674979
5679978
5681605
5681770
5681786
5682622
5682986
5686244
5687528
5692129
5693733
5694045
5696017
5696153
5701508
5703431
5705071
5707112
5707502
5708454
5712049
5714877
5715313
5715326
5715614
5717566
5719464
5720581
5720664
5722745
5723631
5724007
5726102
5727546
5728392
5728603
5731850
5732644
5732869
5732994
5736035
5738966
5739870
5742163
5743150
5743255
5744892
5744948
5746424
5746670
5748126
5752110
5754827
5755218
5757504
5757656
5760025
5761899
5761988
5762552
5764969
5766816
5767799
5768802
5772861
5773086
5774570
5776114
5778115
5780152
5783354
5784210
5784302
5785091
5785102
5785518
5785970
5787381
5789191
5790643
5791561
5809605
5814192
5815669
5819865
5821746
5822526
5823063
5824342
5824591
5825030
5826684
5834109
5834843
5839114
5840317
5842054
5842914
5844512
5844760
5845570
5847556
5849018
5849424
5849936
5850946
5852184
5852774
5855869
5858462
5858744
5859413
5861737
5861925
5862530
5862800
5863525
5865104
5865543
5869862
5870790
5873690
5875411
5876788
5877658
5878259
5880291
5880953
5881998
5882802
5885282
5890897
5891377
5892039
5894400
5896119
5898410
5899613
5900147
5900337
5900379
5903267
5908310
5912885
5917787
5920202
5920925
5921731
5925566
5926013
5926078
5928774
5930030
5930169
5932316
5934603
5937831
5942987
5943185
5944002
5945706
5952630
5954784
5960449
5962548
5962782
5963826
5965096
5969835
5970301
5972453
5976700
5977808
5978506
5979062
5982114
5984420
5985225
5987214
5987718
5989410
5990005
5990657
5991821
5992026
5993604
5995502
5998674
5998828
6004679
6005444
6007459
6007540
6008012
6008107
6014158
6015621
6015853
6016935
6017127
6017713
6017769
6018522
6021888
